-7.5839109573033105e-003 -1.0902567619859168e-002
1.1163169899470837e-002 -6.8846817087120883e-003
-7.7081566031326097e-003 1.5978751507687676e-002
1.7067132425532507e-002 -7.4507804974509326e-003
7.1487950341772109e-003 -9.9329595245806045e-003
-1.7027140284619682e-002 -2.6804347329556898e-003
-1.7173232345965121e-002 1.3695289461476112e-002
-1.9522781332591596e-002 -1.2620440335495170e-002
-1.0913851397946268e-002 3.2716849477828271e-004
6.5007987678729069e-004 -1.9104133314045723e-003
-9.7194315645978679e-001 -6.9766224233392586e-003
-9.6214319154280337e-001 -2.5305813732896084e-002
-9.6697197007231495e-001 -5.8343004703132605e-002
-9.6990308500038036e-001 -1.3919765532127304e-001
-9.8729974070919946e-001 -2.2482265126751422e-001
-9.8254187252800551e-001 -3.4108033564865153e-001
-9.7508715973957760e-001 -4.3076891291281405e-001
-9.7921393625287090e-001 -5.6153643827526345e-001
-9.5943605162362100e-001 -6.6681040291243010e-001
-9.7771412547283998e-001 -7.5357258529408100e-001
-9.6474359630861284e-001 -8.4824741684759630e-001
-9.5080865050892627e-001 -9.3313802301403714e-001
-9.7015629292960093e-001 -9.9729989685154841e-001
-9.5236319000087710e-001 -1.1000539799518976e+000
-9.5715029140072594e-001 -1.1753546942770696e+000
-9.5356903694420048e-001 -1.2279786287567505e+000
-9.8574813190792498e-001 -1.2907331262911441e+000
-9.5778628883060091e-001 -1.3601176165494400e+000
-9.5394082254869295e-001 -1.3971466486133439e+000
-4.3735826404613742e-001 -1.4420138227298291e+000
-4.3872855815490053e-001 -1.4502242478491496e+000
-4.1310665003132369e-001 -1.4397254005927249e+000
-4.1474129744116400e-001 -1.4013186504185307e+000
-4.1754771615828512e-001 -1.3580666837428579e+000
-4.1345240218768164e-001 -1.2956268694235082e+000
-4.1708682850795009e-001 -1.2229791356811632e+000
-4.0827356874612342e-001 -1.1692741924273360e+000
-4.3272701136646924e-001 -1.0922202593681025e+000
-4.2683600019934859e-001 -1.0081981092858776e+000
-4.3509356246613479e-001 -9.3083633216987471e-001
-4.4218931013975599e-001 -8.7421146207214151e-001
-4.4036676065820296e-001 -7.8905887005053599e-001
-4.0959063749201891e-001 -7.4447923110101444e-001
-4.3000517093012525e-001 -7.0256540952240032e-001
-4.2496710969302959e-001 -6.2845979815976361e-001
-4.0706277923235523e-001 -5.8179979530246861e-001
-4.3447024058774891e-001 -5.5241870701101492e-001
-4.0913151281584070e-001 -5.1710529952908557e-001
6.3972716830044651e-001 -4.4705993290179991e-001
6.4910973897124735e-001 -4.3378195251541429e-001
6.3298816760300936e-001 -3.8705873025730919e-001
6.5316825274063162e-001 -3.3908221906079017e-001
6.2839546449518469e-001 -2.5999445551680039e-001
6.3471755958705334e-001 -2.0488371318421036e-001
6.2071508002823905e-001 -1.6612461556234720e-001
6.3354020028084335e-001 -8.9431003593874042e-002
6.3035021996941121e-001 -4.4569713066877542e-002
6.3987952285436211e-001 -9.8815212088571788e-003
6.4040854731920083e-001 4.9050730614362575e-002
6.5175563418954185e-001 8.7400922439994630e-002
6.2113705670163089e-001 1.5451208014724707e-001
6.1791108440249631e-001 1.7955549192374679e-001
6.3606458170760027e-001 2.2325340813661632e-001
6.5222907777111239e-001 2.4456563527764058e-001
6.1441218170858325e-001 2.7881191596282096e-001
6.4827105975517996e-001 2.8963599561760089e-001
6.1453749058445906e-001 3.3440681911319248e-001
9.7174816723732549e-001 3.1967997194623771e-001
9.5865867652944603e-001 3.7040405725550274e-001
9.7959458157263168e-001 4.2643823448054380e-001
9.6099393095385788e-001 4.8589899281799531e-001
9.8832161233434535e-001 5.6833383274720994e-001
9.5645459220380336e-001 6.3993237191552943e-001
9.7183191327019025e-001 7.4471032018316252e-001
9.8677508731973307e-001 8.4137381027710223e-001
9.8866250987755011e-001 8.9650838347864237e-001
9.6437035485091893e-001 9.7696293171595738e-001
9.6846157264956712e-001 1.0481042999354848e+000
9.6981325607059410e-001 1.1490383340248369e+000
9.5693943312282770e-001 1.1873137051089988e+000
9.5640159546962011e-001 1.2783387005887468e+000
9.7226694890805532e-001 1.3197007228797013e+000
9.7999859207953022e-001 1.3891357043593462e+000
9.6691514175490700e-001 1.4024076466150723e+000
9.6530376034301424e-001 1.4422780126558401e+000
9.6237819618911102e-001 1.4943375013095050e+000
-9.5052920416312481e-001 1.5307309635785700e+000
-9.6021810693901921e-001 1.5211975781056428e+000
-9.7562772158381361e-001 1.4446242109705949e+000
-9.4615134780528376e-001 1.3178182456576950e+000
-9.5965458272276949e-001 1.1821978429952695e+000
-9.7608066802761395e-001 9.9624548512356159e-001
-9.5802120772599031e-001 8.2102284605704312e-001
-9.5864167758447605e-001 5.9862762797884717e-001
-9.7988589497181233e-001 4.3310410540876715e-001
-9.8437488218796276e-001 2.3427196251587365e-001
-9.7478663595005921e-001 6.1231917288451891e-002
-9.8061400753993844e-001 -1.2239539254073087e-001
-9.8250188440857344e-001 -2.5820284079523315e-001
-9.5115739401929755e-001 -4.1183372811332331e-001
-9.7806138702167444e-001 -5.3017344315871551e-001
-9.8397787134798342e-001 -6.5450321595284544e-001
-9.5591756364645697e-001 -7.8501988880134610e-001
-9.6381394101498985e-001 -8.9430328918105406e-001
-9.7423342738774077e-001 -9.8537337455637841e-001
6.3352419081241040e-001 -1.0462435699616370e+000
6.1930131690754531e-001 -1.1173880912764567e+000
6.5435410806260585e-001 -1.1242609986685304e+000
6.5342668876325305e-001 -1.0752173830206266e+000
6.2895574206928162e-001 -1.0324995595607966e+000
6.4156508855233729e-001 -9.3652066192613415e-001
6.2515645740698267e-001 -8.7957566175954871e-001
6.4256044133260382e-001 -7.8074875815323053e-001
6.3202986792991778e-001 -6.6510015256019817e-001
6.4513037084385261e-001 -5.8784740778288480e-001
6.5333123340928434e-001 -5.1381129075505261e-001
6.4149079723898883e-001 -4.0051872889898993e-001
6.5800511566616837e-001 -3.4669190309512948e-001
6.5045912877777046e-001 -2.4468279619533659e-001
6.2488960956599882e-001 -1.5772014503006282e-001
6.5210695400158858e-001 -1.1263583818106805e-001
6.2646039526247221e-001 -3.7112699250042784e-002
6.4434532739944483e-001 1.8013464602574900e-002
6.4554586785674040e-001 8.1831370611177692e-002
2.5316092357416053e-001 9.8228278894974791e-002
2.3747012156170355e-001 1.5127251431180014e-001
2.3994083099039923e-001 1.9013457762691138e-001
2.4159981132015024e-001 1.7714851513229249e-001
2.4660163783430245e-001 1.9454934201228671e-001
2.2931723722989772e-001 2.0110997848299031e-001
2.2235843401580613e-001 1.8935775374603947e-001
2.5388637166354644e-001 1.8758324277551389e-001
2.4282175164288169e-001 1.9097848437194176e-001
2.3080658663676409e-001 1.5758714414795810e-001
2.2641540341500985e-001 1.4510823790009589e-001
2.2857087821235267e-001 1.4873538329061001e-001
2.3857801078000615e-001 1.5210244727823499e-001
2.3858769245470265e-001 1.5245029196533066e-001
2.2438511908395500e-001 1.2509246147734732e-001
2.5995001757072045e-001 1.0255284838874712e-001
2.2827627894248301e-001 1.0863340066255987e-001
2.3765237342295578e-001 1.1952347048066819e-001
2.3471975394033096e-001 8.9371829130488328e-002
1.0718545964907590e-001 8.1306230379261740e-002
1.3631000777203056e-001 9.2836646876607795e-002
1.1335305918606912e-001 6.7629801294657663e-002
1.2980393459849918e-001 5.6846999498156324e-002
1.1688024922282610e-001 7.1614425124143052e-002
1.1643583575198287e-001 4.9097080812976694e-002
1.2066497021805964e-001 5.1743571079219626e-002
1.0721631628962550e-001 6.2429306691303428e-002
1.2143390153554137e-001 5.9545346235786570e-002
1.2609218845919892e-001 4.8240982555286957e-002
1.0109198128483052e-001 4.6762373488257514e-002
1.3391814415851347e-001 5.2134289556508125e-002
1.3258256943628033e-001 2.6165181990731666e-002
1.2835547513416934e-001 1.2542477889781863e-002
1.1891959318936220e-001 3.3759602670675501e-002
1.0374858664171385e-001 3.8476255729519154e-002
1.3327276227471654e-001 7.2753168587127177e-003
1.0816488264023673e-001 3.2739723513756230e-004
1.1825827105297307e-001 1.6120559641929818e-002
-5.3141861881309138e-001 -7.6870285503752647e-004
-5.1958726013004231e-001 1.7099471417662212e-002
-4.9692289267215034e-001 2.0074679947151695e-002
-4.9852655604728863e-001 -1.2050686656017384e-002
-5.1861312929811798e-001 -2.3296793688209770e-002
-4.9670871872135536e-001 -5.7714038986776572e-002
-5.1274945976741482e-001 -5.6746773417419641e-002
-5.0950426288393458e-001 -7.5964911559626466e-002
-5.0730058577484227e-001 -9.6823610056563161e-002
-5.0546097139787705e-001 -1.1220763472090003e-001
-5.0727160259577464e-001 -1.0818548376776768e-001
-5.0453133198591704e-001 -1.4817164013851561e-001
-5.1153081091323249e-001 -1.6177140331363501e-001
-5.0337849821355463e-001 -1.4789342831985308e-001
-5.1132861601602908e-001 -1.5709577920035869e-001
-5.0770230022853546e-001 -1.7143862672432797e-001
-4.9326882680879969e-001 -1.7454105449776608e-001
-4.9905223592441594e-001 -2.0036897090553671e-001
-5.1922690481735467e-001 -2.1069997979174016e-001
6.4752304785396453e-001 -2.1501280530135033e-001
6.2922324383369199e-001 -1.9878655730966094e-001
6.3418934725492382e-001 -2.0252110739144871e-001
6.5613641290450342e-001 -1.4843567126751486e-001
6.5072901272366346e-001 -1.2710103145915938e-001
6.2456023108530334e-001 -7.7343840264533517e-002
6.4647835176277535e-001 -2.4674455387511771e-002
6.4219761449600643e-001 -7.4661165874002700e-003
6.6021314577568035e-001 4.9397006970426378e-002
6.3530153101887721e-001 8.7113938692737411e-002
6.2661655112943726e-001 1.2762864452692943e-001
6.4307885238769213e-001 1.3785191939963229e-001
6.6336365370193340e-001 1.9859442590993096e-001
6.6090916022146184e-001 2.4272035266449551e-001
6.4646302716665716e-001 2.5949941934748483e-001
6.5010816472179200e-001 2.9395108024801347e-001
6.5492236086210753e-001 2.8810775531175331e-001
6.2826220871435356e-001 3.4299306458671242e-001
6.2405811159680735e-001 3.5782777180011593e-001
-4.7190559250364150e-001 3.5837436139049661e-001
-4.9330183241578207e-001 3.8128671328322206e-001
-4.7552263720124827e-001 3.6265242600521280e-001
-4.8574966201765679e-001 3.5885079590125651e-001
-4.6209041892994474e-001 3.1486702548749135e-001
-4.6883363911766346e-001 3.0681025623596742e-001
-4.9295530579600932e-001 2.6784602550777409e-001
-4.5794198548847137e-001 2.2516198978237936e-001
-4.6310801643255434e-001 1.8647005138292722e-001
-4.5729474244939200e-001 1.5362250883541262e-001
-4.6323340012450659e-001 1.3082631677348763e-001
-4.7834694657832594e-001 1.2544529440322733e-001
-4.8033171264948443e-001 9.7880245893038814e-002
-4.7341300633881378e-001 5.3680542754910313e-002
-4.7099340032478187e-001 4.5761136109609982e-002
-4.6288824980653531e-001 1.0551487006904059e-002
-4.6238143290723666e-001 -2.8887835264792501e-002
-4.7421222869155344e-001 -2.5784460756213674e-002
-4.6148761509009517e-001 -3.8685870778834508e-002
5.0610955491676801e-001 -8.7170057369424764e-002
4.9537942459756745e-001 -7.4263080702467468e-002
5.1045366448300111e-001 -8.9346684191817946e-002
5.1392907915104591e-001 -6.7695747295096254e-002
5.1433968030130495e-001 -6.2377629948809472e-002
5.2496951850435658e-001 -2.8013350047149003e-002
5.1807501011026913e-001 -3.7175972249839366e-002
5.1676524138968993e-001 -1.2428826953415056e-003
5.2191955972716220e-001 5.2352432357709389e-003
5.2690700158387060e-001 3.0476457429766818e-002
5.0742617271578849e-001 4.9111125743404843e-002
5.1243249081060560e-001 7.6779935884313685e-002
5.1897348159789614e-001 7.5378787757049329e-002
5.0521503697502035e-001 1.1065732352195483e-001
5.0824335307409230e-001 1.3166230158919323e-001
4.9412799762742265e-001 1.2746083596802807e-001
4.9249569883642991e-001 1.4087399100717313e-001
4.9602031373203176e-001 1.7384247402179109e-001
4.9148828887811369e-001 1.8169010307985162e-001
3.0494663170391911e-001 1.8416853028796654e-001
3.1756832965931941e-001 1.7512292666100021e-001
3.3081491943215713e-001 1.9839850910478984e-001
3.1053215665755973e-001 2.0316626342743693e-001
3.0828106684042128e-001 1.7316810962136778e-001
3.3564458692606369e-001 1.9631812381185407e-001
2.9958275142005264e-001 1.6820974279385972e-001
3.2283917099427151e-001 1.4438010930838335e-001
3.2097431242589819e-001 1.4903834302080760e-001
3.2543055685398137e-001 1.5818169274414534e-001
3.1182699667097308e-001 1.4344793780477799e-001
3.0853595061020078e-001 1.2050482445903452e-001
3.1593215085906018e-001 1.1871649849881181e-001
3.1124154912777774e-001 1.4404963030031509e-001
3.2618705324477942e-001 1.1402788663907901e-001
3.3681989681019980e-001 9.9779581067950276e-002
3.1301550536298450e-001 9.0005658026115209e-002
3.2180810049550562e-001 1.1063856046184578e-001
3.0404513992123305e-001 1.1049072653572514e-001
-5.8511343786561187e-001 7.8375321083270097e-002
-5.8071847159863854e-001 7.3118581665287688e-002
-5.6960170199207949e-001 8.8924987695636420e-002
-5.7245072186218848e-001 6.2775347240459967e-002
-5.5378535923780259e-001 3.1294927932335986e-002
-5.8259745458022050e-001 9.3339836952730688e-003
-5.7272795256739184e-001 -6.2433281611356806e-003
-5.7081339227094752e-001 -4.9747675050365259e-002
-5.6016545655195193e-001 -6.6925682556001009e-002
-5.8415398221902815e-001 -9.8872928390055750e-002
-5.5549027046874599e-001 -1.0777113373107500e-001
-5.5498643258947755e-001 -1.6800063312239807e-001
-5.9134363367729470e-001 -1.5163012267960460e-001
-5.6117230295690101e-001 -2.0243605722086835e-001
-5.5398058276141560e-001 -1.9218029478403795e-001
-5.5934206730999569e-001 -2.1862434353042609e-001
-5.5492109654433064e-001 -2.4189281025715750e-001
-5.8391439795566513e-001 -2.7223807383073678e-001
-5.6490342261391258e-001 -2.6826782487263090e-001
2.2131794002543090e-001 -2.6601593851945515e-001
1.9798648029170196e-001 -2.9227697234711369e-001
2.0801353409899823e-001 -2.7386109404950953e-001
2.0885329671547773e-001 -2.8335005782748895e-001
1.8436877957915226e-001 -2.5325920960537074e-001
2.2351431931533186e-001 -2.3841291120421854e-001
2.2021434025721562e-001 -2.2174735201713835e-001
2.1194411048876499e-001 -2.0923209324067671e-001
2.0181996364624039e-001 -1.7736136834440785e-001
2.1227473310802633e-001 -1.9389169857062100e-001
2.0862241614000579e-001 -1.7539913880195487e-001
1.9622924304205469e-001 -1.3502427502289524e-001
2.1847530433229984e-001 -1.5057955088031397e-001
1.8871670339129482e-001 -1.1743151595829082e-001
1.9589623301366380e-001 -1.1839291938962769e-001
1.8813168568413369e-001 -9.0026017524739169e-002
2.0013173537022361e-001 -9.1283895193032427e-002
1.9756632267969937e-001 -8.9222256987395873e-002
2.2200320513941316e-001 -6.3390134963910688e-002
2.2341643822669061e-001 -3.9920076459303566e-002
2.0021131622467955e-001 -4.3054401045424122e-002
1.9159014511377226e-001 -5.8914959602146870e-002
1.9010961169648471e-001 -1.6441346507224563e-002
2.1285093880220152e-001 -4.2110589636137903e-002
2.1963029819733978e-001 -1.0716439647131018e-002
2.2214745145889714e-001 -1.4751227226464412e-002
2.1537704587660123e-001 -1.2044379114589041e-003
1.9992507264729301e-001 -2.6846632366382621e-002
1.9564703816450515e-001 -2.1434865210428859e-003
2.1593626540619237e-001 -2.0569265010256542e-002
2.2771769734339228e-001 -3.5898737480723653e-003
2.2250969194679446e-001 7.1527189076705851e-003
2.2708410272194562e-001 -1.2745788028977516e-002
2.0227187448386469e-001 2.3532442265666847e-003
2.0062690454827753e-001 -1.1697235267202762e-002
2.1133226150702164e-001 1.0180473043469314e-002
1.9640535194081007e-001 1.0885648796154300e-002
1.9831374099126062e-001 -3.7491324264009654e-004
3.0767557994252287e-001 -8.3715811165091525e-006
3.2507468950816726e-001 -7.4680445092718348e-003
3.0111414377320050e-001 9.4549925623258028e-003
3.0817470754234816e-001 2.7009413083945902e-002
3.2570038147231356e-001 2.2666912463620879e-002
3.1144044340820914e-001 1.9074532881025869e-002
3.1126841081634576e-001 1.3710784303481544e-002
3.2783029169506439e-001 2.9463515579890100e-002
3.3717935673140653e-001 4.0511631143685931e-002
3.0424863205035152e-001 4.9543492795100744e-002
3.0173416869347447e-001 4.7234772017617603e-002
3.0401218707676653e-001 5.9899967310622436e-002
3.0564923293477775e-001 5.7143414661218334e-002
3.3545979491825106e-001 4.4094308796019249e-002
3.0445350703272089e-001 6.2806738716366217e-002
3.2368291316681536e-001 2.9330088377825823e-002
3.0976236218236630e-001 5.5670098480508801e-002
3.0782965763546194e-001 6.9489139981626202e-002
3.2751913721329040e-001 3.4743488362192730e-002
-6.3131287730014962e-001 4.5791731925995768e-002
-6.1561879803105568e-001 5.6154021760665349e-002
-6.4007814387293627e-001 3.6817123706317963e-002
-6.2509328291630240e-001 -6.8999699605516371e-003
-6.1553571656886685e-001 -1.8959668624659864e-003
-6.3000896149344376e-001 -4.7920281044975428e-002
-6.1806656759734357e-001 -6.3530717596404940e-002
-6.2328826920831604e-001 -1.0077242546277823e-001
-6.3808804130037167e-001 -1.3667553095377044e-001
-6.2425028381928638e-001 -1.5465256628361493e-001
-6.4676080685801463e-001 -2.1591598385215513e-001
-6.1502455048892368e-001 -2.4495662420791850e-001
-6.4542358177042369e-001 -2.4606426412605051e-001
-6.2222503475777069e-001 -2.8780137286289581e-001
-6.2874090636280044e-001 -3.0402982869294987e-001
-6.4678152574906433e-001 -3.2941853439781543e-001
-6.5203057285373522e-001 -3.6131558147457915e-001
-6.4172758238097194e-001 -3.6540355088878129e-001
-6.1443016382565008e-001 -3.8438282565576287e-001
2.9111378433287172e-001 -3.6853978443380753e-001
2.6221572296656270e-001 -3.7861710318855812e-001
2.9143485404618491e-001 -3.9629500833747300e-001
2.8028814103270272e-001 -3.8669009763988604e-001
2.5529257899281449e-001 -3.7617213469506605e-001
2.7708746335699541e-001 -3.4878294059573850e-001
2.6881965038966044e-001 -2.9873929230847718e-001
2.6170845806904336e-001 -2.9721150789198997e-001
2.6038979564255360e-001 -2.6243341871689146e-001
2.5616397162490390e-001 -2.5347218622187995e-001
2.5339075849740716e-001 -2.0768227722101773e-001
2.8464513050754864e-001 -2.1012789020560979e-001
2.5380531586138039e-001 -1.7790605154472033e-001
2.8821146927422564e-001 -1.3878339089889238e-001
2.6719548139217864e-001 -1.2042749336082519e-001
2.8197940137131772e-001 -1.0478403985498017e-001
2.9183184423208336e-001 -1.1196623193313102e-001
2.5932052999940552e-001 -7.1464359273567771e-002
2.5961203233505908e-001 -7.0051120675286654e-002
-6.6684588500533770e-001 -7.6675831034349606e-002
-6.7820651780893304e-001 -7.1878397254200033e-002
-6.6507677506081619e-001 -5.1131807825768961e-002
-6.7829416380750285e-001 -6.3984074995226514e-002
-6.4763509899274352e-001 -1.0156117144228487e-001
-6.3941254956044036e-001 -1.3735189803435807e-001
-6.7497223875688883e-001 -1.7091057738665091e-001
-6.5447773339095827e-001 -1.9145707727686495e-001
-6.7407890592951492e-001 -2.1305514778014725e-001
-6.6698058818076345e-001 -2.5771717951479844e-001
-6.7399027222562580e-001 -2.7651613811402009e-001
-6.7044872723265414e-001 -3.0171153960232022e-001
-6.6351990820656581e-001 -3.4345339221149013e-001
-6.7397603994390287e-001 -3.3899751718667637e-001
-6.6973943216223886e-001 -3.8938108225972246e-001
-6.4228113374615403e-001 -4.0445691976297160e-001
-6.6373774477917646e-001 -3.9821023824888280e-001
-6.5893126880009034e-001 -4.3763564355060447e-001
-6.7566593509231732e-001 -4.5108383016542675e-001
6.0070168317883935e-002 -4.5908202122469854e-001
6.5583604812930477e-002 -4.6175236577880985e-001
9.2982849499254949e-002 -4.5513018015980811e-001
9.4368351043005699e-002 -4.3682867783836632e-001
6.6681792780446406e-002 -4.1748174234282875e-001
9.8854408507348585e-002 -3.7987961397618214e-001
8.7683405392633584e-002 -3.8002468475385931e-001
9.4056796409729609e-002 -3.5719920497041580e-001
7.8387459136481374e-002 -3.1477813784440128e-001
7.9042408808243314e-002 -2.9564619154167382e-001
7.0703486314290548e-002 -2.7987863277885566e-001
6.1639869783835705e-002 -2.4391226524558590e-001
6.9700919914316872e-002 -2.1160978429274907e-001
6.6652652427856118e-002 -1.8577386891576850e-001
9.5885803218899307e-002 -1.8606620938002547e-001
6.4133359518701402e-002 -1.6881628150770145e-001
5.9740027069986608e-002 -1.2927302561548895e-001
7.3989840487202807e-002 -1.2934714898097643e-001
8.7147856078882965e-002 -1.0228682152669635e-001
2.6236225361779297e-001 -9.0972039415563852e-002
2.5053918585392304e-001 -8.3120373823572596e-002
2.3305600095774742e-001 -7.6975399060654537e-002
2.3945594183603794e-001 -8.1710931097672329e-002
2.3612418452160386e-001 -6.1922274016950642e-002
2.2712524763833597e-001 -4.9685237698006937e-002
2.4266451676325665e-001 -3.6006116157183687e-002
2.5278309031219287e-001 -5.6912411041797888e-002
2.3018838933707783e-001 -4.7447489675560450e-002
2.5754074521884313e-001 -1.1796905242965405e-002
2.6557643328736075e-001 -3.2927628941416730e-002
2.5538025436354100e-001 -3.3080668649416674e-002
2.5806683876691267e-001 -1.7304751416750933e-002
2.3629096837010150e-001 7.1676848898728791e-003
2.3461759563982379e-001 -1.2285267342765452e-002
2.3731692169551735e-001 5.2865561953011394e-003
2.5533976767233835e-001 2.1858142339784135e-002
2.6589235466591865e-001 8.7004058663130851e-004
2.5227324272232882e-001 -1.6266471917531309e-003
3.7361691268548014e-001 6.9497641963692071e-003
3.8570223545819654e-001 3.4194947521281840e-002
3.8386385282072361e-001 2.7728408989148697e-002
3.7851220288418796e-001 2.9376241186939121e-002
3.7861925184031314e-001 3.9949289478275377e-002
3.8460569377294879e-001 3.2499408177945548e-002
3.9059884146588347e-001 2.8351989866537499e-002
3.7125694630319528e-001 3.6905297520400858e-002
3.8447868790339740e-001 6.0695670707020616e-002
3.7744279319535928e-001 5.9243329778250427e-002
3.6403392086207526e-001 6.4710192297558700e-002
3.7821723177109784e-001 6.3986721884788808e-002
3.6610063101703161e-001 8.3119218191996552e-002
3.8930792368556777e-001 8.1140763853970677e-002
3.7128662547211388e-001 6.6268093290404242e-002
3.5541956079127790e-001 8.5748877409608057e-002
3.7873331115600217e-001 7.6441426645373026e-002
3.7237515924103237e-001 8.5086525303203708e-002
3.6064312033694357e-001 6.8243744646449375e-002
3.6369228024758099e-001 7.8461831686921765e-002
3.3742176984829586e-001 9.2249297391057375e-002
3.7325687614439362e-001 1.0441095219442489e-001
3.4299816894423857e-001 1.0809116251975984e-001
3.4113663443154718e-001 7.1007752317061454e-002
3.6022076071320208e-001 7.5085891424791634e-002
3.3470103232515686e-001 8.7078947947521745e-002
3.4811722314357896e-001 7.5025009285207112e-002
3.4569589826814057e-001 8.2948238031770635e-002
3.3647300622517334e-001 9.8396740425291271e-002
3.3844776531338572e-001 1.1041343833219107e-001
3.5109180140037322e-001 8.7137744187561803e-002
3.6736759818925030e-001 1.0391063258426385e-001
3.6951258828186490e-001 7.6239533886845984e-002
3.3559411022773328e-001 1.0466095030535445e-001
3.6377898475740938e-001 8.0060771500557196e-002
3.6861228333205037e-001 7.3323718731335044e-002
3.6383591305021307e-001 8.3783467277405418e-002
3.7289585074049753e-001 9.3426457736154309e-002
7.5991409281107569e-001 7.5786629112433043e-002
7.6335225372756366e-001 1.1353798248715556e-001
7.4745868894331813e-001 1.1427808114481816e-001
7.6902092637420738e-001 1.5238286123136141e-001
7.4754981184716984e-001 1.8804844912446717e-001
7.3603911560890223e-001 2.2278221986869942e-001
7.6239663203037811e-001 2.9500552030329263e-001
7.7198862010349767e-001 3.3798071484395587e-001
7.3993344299017560e-001 3.8027826787511704e-001
7.5031417263305689e-001 4.0198248242842566e-001
7.3742144314611280e-001 4.3685388878825798e-001
7.5165790654515363e-001 4.6134883677098376e-001
7.6842614541023635e-001 5.0272240011680747e-001
7.4932473729364157e-001 5.6178378833567788e-001
7.4377139442964224e-001 5.8447442053251086e-001
7.4783532544995135e-001 5.9927300592085242e-001
7.6337916711519460e-001 6.1273030538286266e-001
7.5969332928550148e-001 6.4895001856932899e-001
7.7125177000820588e-001 6.8543725067900885e-001
-9.6090703456739923e-001 6.8660925197957812e-001
-9.7541988487713982e-001 6.6869404717085490e-001
-9.6902437526081098e-001 6.1459930776130167e-001
-9.9189148563881357e-001 5.3428648547660551e-001
-9.7253150365944119e-001 4.0303867318864589e-001
-9.7598996106046920e-001 2.4455766812386889e-001
-9.5969552386264689e-001 1.1549565963065495e-001
-9.6001112076239159e-001 -3.3854377405464472e-002
-9.7532877224877501e-001 -1.8363421896023785e-001
-9.6274202396454545e-001 -3.1702924843578628e-001
-9.6797971402109773e-001 -4.6297909720907010e-001
-9.9421740396738045e-001 -5.7217544776490148e-001
-9.8896951308126779e-001 -6.8131513252137321e-001
-9.7442400931123407e-001 -7.8594564073415363e-001
-8.2764064076029731e-001 -8.9083413113403975e-001
